4492850957851933337
4493006734763490094
4492961744943333476
4493006830489027797
4493337381810908471
4493423898839231704
4493423573472262920
4493011793923444380
4493431203456840292
4493376128194594711
4493018772572992180
4493234293047848245
4493011793925232244
4493423574770305320
4493428938074246243
4492935111986931172
4492846865594609822
4493342980205577649
4493012615366302065
4492924517172849695
4493273481883355175
4493016951451134339
4492929906798049010
4492935111991654339
4493006830494407528
4492810011307480391
4493215189063129215
4493020608414016826
4492860140914580485
4493014944130538069
4493377658347109217
4493011793935871855
4492948947982656104
4492893935694506242
4493421228838034956
4492810011303250464
4493336668179226545
4493222310930196409
4493006672067470241
4493004944256873182
4493008298863302860
4493008104016535955
4493007380011559058
4492845746643185273
4493426324596672508
4492936524144183144
4493343467356053071
4493424810120877126
4493423898836382368
4493377658348568375
4493011793923197629
4492932903500862609
4493423573607915636
4493018982960871314
4492952916060341000
4493424810121134015
4493014944111400408
4492231851517755005
4493422496840383264
4492852790547360872
4493006491227855958
4492779956601874580
4493005609043649524
4493295316617404485
4493343467423776146
4493006491259079473
4493432382415715037
4493370911265929821
4493370911258984174
4492935163157352277
4492956852830512123
4492767738980540382
4492810010637324905
4493285917464100530
4493426304806436636
4493357376740532164
4492896103474898837
4493067931979265203
4493250017549703428
4493011793935107940
4492920139291032309
4493241611440815404
4493422496828869186
4493424810126995806
4493011793934851224
4493015223692739729
4493370911250710346
4493422462769664626
4493015223666599656
4492694383758024655
4493274227817821557
4493286923351565609
4493214531533351298
4492936500928442898
4492803517145823058
4493006491248792805
4492810010618752896
4493421228821572872
4492935111966262610
4493021061538446424