4493922426499581954
4491540960328339125
4488168511683510808
4501708156755365452
4498984354275318745
4503504650495270871
4501708158006585565
4494289832529612152
4499596382175474215
4488048084208909966
4499687468663687088
4504337801556936518
4493924973240292147
4499751218173942995
4500726903580550995
4499355516407087805
4493394200852664993
4496253376257595416
4493396671289067430
4504337801329378844
4500631066497485000
4499702100369041148
4496221405756929894
4497993969789795655
4500621212642160906
4499303902014895328
4492263435529486029
4490271818573455365
4505900833616886185
4490268662355543518
4488168503677715433
4495334469666463658
4492260965063806855
4491551567376004056
4488168504467503246
4500726903845824128
4491564555777884237
4501708158591585466
4492263436267402080
4493924973150888269
4498011719746373045
4504362371631604306
4488048087385264769
4492243730237854524
4494243170205606137
4494289829908807520
4496691243307493811
4488043228210454100
4490600397207912736
4496251085919136460
4490271821487107118
4499340805953503559
4492993565174737427
4488038303347296941
4488040717142865046
4496209119122095699
4493396671324691248
4493025475180846371
4488156222076508188
4496887863793926659
4501708156845141041
4490558701959846554
4500729369949389838
4500780963530854770
4492981197898043017
4499348169712999087
4499702098695914724
4490266203089326656
4499584092928827086
4490600392965592526
4491551562416178429
4493929920456342678
4493423592123539360
4496863297538917878
4500780963371811650
4492263431929285665
4494233319172301678
4492991037999120239
4488043224867210800
4501705711922410564
4498035705091414171
4504350089617484609
4493391593372021221
4488043225032011452
4505935261900550849
4488028425921694284
4499348169718386427
4495361424560443911
4498018543766057791
4499348169722141439
4494230676372938848
4493956951413300649
4496253374774622180
4500640896534247768
4494243170798726209
4488156217058235222
4500773579350872551
4504441056136631331
4493391593236331230
4495359026887512329
4498976988242960838
4499584096229994650
4493947073148299096
4488175879096135532
4495260853804325571
4493949494875455036
4504389441484008594
4505900833227046132
4490558707270164826
4488040714847348532
4498969607502721270
4493025475110738495
4493347430176264218
4505910662597663747
4496887863627226317
4493430967107614486
4491551565828860419
4490595495880058757
4491582724432898284
4500726908400981640
4493025475127599091
4488038324168894227
4498979481504558775
4503504650690642519
4499584092742034883
4490082292359551295
4488043225176136619
4488048084415345263
4488156216991135486
4494243170591225850
4494245529835635061
4500785876431731020
4505900832962683734
4498018543335597354
4496870651157531672
4488048086354063935
4499584092932388374
4491565718947154721
4496251101795044486
4500628585371094016
4500616293932823785
4495336803764225447
4488043225232131291
4497981644340266972
4500773581662465510
4490563482968431123
4490241537375361880
4500640899655007564
4493413570733894312
4488038332341409307
4499702101615859537
4494230680567334137
4504372237139826092
4494284870671167266
4500616292728697709
4494294657212950857
4500785877468022867
4497608182772309427
4496251102810737714
4495258196971920514
4490249170389884956
4498306079958771443
4499303897000522785
4488030965420340525
4500626124148312513
4500626124101568824
4496853465764192046
4490271818205289577
4498011719801577431
4499591523639936807
4500633520864791438
4491582859689258293
4498979486383137047
4498325702483517337
4492243724217097284
4493413577929670191
4494284869210760429
4493401520481444193
4498976988096604786
4491582859447282391
4498318337725272680
4501703230023270744
4493413552951196654
4494250519746347439
4490563485878290202
4500788325750875856
4501708156726970665
4490261175530878155
4490600396165449893
4500621213614769673
4488043228878001547
4493384329648158499
4488043228588674861
4496221405569056040
4494243169378580170
4503497396689287385
4495334478929339294
4500739173982325205
4495260854284085748
4501705711657538297
4505935262537682870
4493949495624813207
4496863293488358980
4495260854026435349
4491540960484608113
4493347434404179884
4490084209853181950
4504372236326697667
4500773583469458524
4490261175361998602
4504337801672001318
4499714352068038989
4492993564411221223
4504362371512774386
4493924974134607977
4503502212077598211
4498976991146856849
4500621212252590783
4490249174491387499
4500729366058274052
4499591521972531773
4496253380113575346
4498016136670866748
4498016157457824678
4490600392910209322
4505910663594888558
4501705711754719991
4488038312658832769
4500633520735295753
4499584097482420363
4500616292618629998
4496831332620108884
4491540961078315661
4499348170937676234
4495280354106315513
4488156216977927176
4490256422547065783
4500741678262309815
4488168508234412417
4499596377748140860
4493937170208516655
4496887862649054751
4490241539175236048
4501705709789112215
4493949497006642319
4488028419767660203
4490563483317678944
4494284868073238249
4500785872666187628
4500773583414931961
4493391593989236445
4501703230342987336
4494289831144001781
4490600404088505898
4496228769071716098
4503502214739629063
4495356626084622293
4488166185546975370
4490271822140679879
4505935260426351214
4505910662821407792
4501703229817008076
4501703227259286711
4490266200194937818
4499702100502534051
4505930335189863323
4494250519363847978
4498969605982747351
4496831337099158977
4503516954316506336
4495349188246807284
4498296218363788443
4490268664517821560
4495336801443576742
4488156216387821214
4499584096692269625
4496878044935554147
4504387217063681043
4495263294433207924
4500729365969580416
4497608186503432401
4491540962171792946
4504372236290414098
4493949495207425787
4495280355428602618
4498011721131068845
4492266077777927311
4492263430903702631
4495334470219112186
4496878044778844844
4498011719282982112
4494289831829234248
4490558702044612138
4499586569832563401
4499586569937020219
4498318337541769589
4493023050432061360
4500785875754293689
4499313730361345978
4498976987777528281
4491551567259011805
4499584093025246530
4494284868950426739
4494240617883371962
4488168510922975383
4505900833049391582
4498976990472214395
4490266202912908311
4499345711528166478
4499313730276435917
4496691245000551159
4493010731141381955
4503509567142535547