4528632924306719516
4508668426443721530
4528632705432337577
4528635633404292146
4503625327004709203
4519874291506222306
4529356630725470657
4521466187867171986
4521996908582063216
4528634368382575621
4506899047869895000
4522528470108366957
4522617456471196111
4522528875233511820
4528101422970876479
4528367212816485662
4528189895131621425
4528632450643584327
4504775611309201455
4528280280616908699
4522616144596413070
4504775655764537143
4529359630082116982
4528280744308944662
4528367123534427914
4528634521017000580
4521643079647460460
4522970178841133328
4528368545349089451
4529359142336211794
4522085357378460885
4528369902813670261
4504775725639252553
4529255055947824940
4528366985079280033
4528901347226263575
4528278506765194883
4503271864172971209
4521466749721590378
4522971516954694161
4528455550592784737
4522173842708351009
4508756658504657771
4503979586272806745
4528369623365068530
4528457517790110742
4529357100531591792
4529357909864098397
4528635087695247172
4528632274357152481
4528632611535791203
4521643755941501651
4522793195367759738
4506899239438065025
4522528926926506675
4506899026227393251
4528721663488123694
4522263299009162204
4503979580279798931
4505306408158396126
4504775557595450096
4528720980406241994
4503979281349866484
4528369299756950215
4528368985733207921
4509111475175323636
4528280570990151233
4528723167134672149
4521643094597877580
4529253203879165905
4528722448221008772
4528900288576823617
4521643123085836134
4522262596990156228
4521554584913778956
4529166622095200341
4504156885828407143
4528632447806990425
4521819976368642193
4528368686474603173
4528280742272346990
4528634727723912160
4528724859016340157
4504598711763779761
4528723282741635251
4528899102948098183
4528636524634757114
4506899424356344398
4528189897653761576
4529253119130971439
4522704708527965967
4528279145756641815
4522528819187198753
4529164007625973787
4528101492743744581
4528637109823609119
4528720949528225745
4507253648235618843
4528633303668681397
4528278562354700096
4528637235019197649
4526687883091145495
4504598541682110914
4528368706484721476
4528632878353203229